                  precision    recall  f1-score   support

           Other   0.909091  1.000000  0.952381        20
            Work   1.000000  0.888889  0.941176        36
           Sleep   0.958333  1.000000  0.978723        23
           Relax   1.000000  0.363636  0.533333        11
Personal_hygiene   0.875000  0.750000  0.807692        28
            Cook   0.826087  0.974359  0.894118        39
   Bed_to_toilet   0.724138  0.875000  0.792453        24

        accuracy                       0.878453       181
       macro avg   0.898950  0.835983  0.842840       181
    weighted avg   0.891272  0.878453  0.871890       181
[[32  1  0  1  1  1  0]
 [ 0 38  1  0  0  0  0]
 [ 0  0 20  0  0  0  0]
 [ 0  0  1 21  2  0  0]
 [ 0  0  0  7 21  0  0]
 [ 0  0  0  0  0 23  0]
 [ 0  7  0  0  0  0  4]]87.845304657741145	5	5	5	5	5	5	5	5	5	5	5	5	5	5	5	5	5	5	5	5	5	5	5	5	5	5	5	5	5	5	5	5	5	5	0	5	5	5	0	0	0	0	0	0	0	0	0	0	0	0	0	0	0	0	0	0	0	6	6	6	6	6	4	6	0	6	6	6	4	4	4	4	4	4	4	6	6	6	4	4	4	4	6	4	4	6	4	4	2	2	2	2	2	2	2	2	2	2	2	2	6	1	1	1	1	1	1	5	1	1	1	1	1	1	1	1	1	2	1	1	1	1	6	6	6	6	6	6	6	6	6	6	6	6	4	4	4	4	4	4	6	4	6	2	2	2	2	2	2	2	2	2	2	2	1	1	1	1	1	1	1	1	4	1	1	1	1	1	0	5	3	5	5	5	3	3	5	5	3	5	
5	5	5	5	5	5	5	5	5	5	5	5	5	5	5	5	5	5	5	5	5	5	5	5	5	5	5	5	5	5	5	5	5	5	5	5	5	5	5	0	0	0	0	0	0	0	0	0	0	0	0	0	0	0	0	0	0	0	6	6	6	6	6	6	6	6	6	6	6	6	4	4	4	4	4	4	4	4	4	4	4	4	4	4	4	4	4	4	4	2	2	2	2	2	2	2	2	2	2	2	2	1	1	1	1	1	1	1	1	1	1	1	1	1	1	1	1	1	1	1	1	1	1	6	6	6	6	6	6	6	6	6	6	6	6	4	4	4	4	4	4	4	4	4	2	2	2	2	2	2	2	2	2	2	2	1	1	1	1	1	1	1	1	1	1	1	1	1	1	0	3	3	3	3	3	3	3	3	3	3	3	


                  precision    recall  f1-score   support

           Other   0.882353  0.789474  0.833333        19
            Work   0.744186  0.914286  0.820513        35
           Sleep   1.000000  0.608696  0.756757        23
           Relax   0.888889  0.800000  0.842105        10
Personal_hygiene   0.862069  0.892857  0.877193        28
            Cook   0.886364  0.975000  0.928571        40
   Bed_to_toilet   0.916667  0.880000  0.897959        25

        accuracy                       0.861111       180
       macro avg   0.882932  0.837187  0.850919       180
    weighted avg   0.873385  0.861111  0.858505       180
[[32  1  1  0  1  0  0]
 [ 0 39  1  0  0  0  0]
 [ 1  1 15  0  1  0  1]
 [ 1  0  0 22  2  0  0]
 [ 0  1  0  2 25  0  0]
 [ 9  0  0  0  0 14  0]
 [ 0  2  0  0  0  0  8]]86.11111190583970	5	5	5	5	5	5	5	5	5	5	5	5	5	5	5	5	5	5	5	0	5	5	5	5	5	5	5	5	5	5	5	5	5	5	5	5	5	5	5	5	0	0	1	0	4	0	0	0	0	0	0	0	0	0	0	0	1	6	6	6	4	6	6	6	6	6	4	6	4	4	4	4	4	4	4	4	4	4	4	4	2	2	2	1	2	2	2	1	1	1	1	1	1	1	1	1	1	1	5	1	1	1	1	1	1	1	6	6	6	6	6	6	6	6	6	6	6	6	6	6	4	4	5	6	4	4	4	4	4	4	4	4	4	4	4	2	1	1	2	2	2	2	1	1	2	1	1	2	2	1	1	1	1	1	1	1	1	1	1	1	1	4	1	1	1	1	3	0	5	3	3	5	5	3	3	3	3	3	3	
1	5	5	5	5	5	5	5	5	5	5	5	5	5	5	5	5	5	5	5	5	5	5	5	5	5	5	5	5	5	5	5	5	5	5	5	5	5	5	5	5	0	0	0	0	0	0	0	0	0	0	0	0	0	0	0	0	6	6	6	6	6	6	6	6	6	6	6	6	4	4	4	4	4	4	4	4	4	4	4	4	2	2	2	2	2	2	2	2	2	1	1	1	1	1	1	1	1	1	1	1	1	1	1	1	1	1	6	6	6	6	6	6	6	6	6	6	6	6	6	4	4	4	4	4	4	4	4	4	4	4	4	4	4	4	4	2	2	2	2	2	2	2	2	2	2	2	2	2	2	1	1	1	1	1	1	1	1	1	1	1	1	1	1	1	1	1	0	0	0	3	3	3	3	3	3	3	3	3	3	


                  precision    recall  f1-score   support

           Other   0.900000  0.473684  0.620690        19
            Work   0.914286  0.914286  0.914286        35
           Sleep   0.952381  0.833333  0.888889        24
           Relax   0.470588  0.800000  0.592593        10
Personal_hygiene   0.741935  0.821429  0.779661        28
            Cook   0.880952  0.925000  0.902439        40
   Bed_to_toilet   0.833333  0.833333  0.833333        24

        accuracy                       0.827778       180
       macro avg   0.813354  0.800152  0.790270       180
    weighted avg   0.848196  0.827778  0.827669       180
[[32  1  0  1  0  0  1]
 [ 0 37  0  0  0  0  3]
 [ 1  2  9  0  1  1  5]
 [ 0  0  0 20  4  0  0]
 [ 1  0  1  3 23  0  0]
 [ 1  0  0  0  3 20  0]
 [ 0  2  0  0  0  0  8]]82.777777380413483	5	5	5	5	5	5	5	5	5	3	5	3	5	5	5	5	5	5	5	5	5	5	5	5	5	5	5	5	5	5	5	5	3	5	5	5	5	5	5	5	2	0	0	0	0	5	0	5	0	3	0	0	0	6	4	6	6	6	6	4	6	6	4	4	4	4	4	4	4	4	4	4	4	4	4	4	6	2	2	2	2	2	2	2	2	2	2	1	4	2	4	1	1	1	1	1	1	1	1	1	1	1	5	1	1	1	1	1	1	1	1	1	6	6	6	6	6	6	6	6	6	4	6	6	6	6	4	4	0	6	4	4	4	4	4	4	6	4	1	4	2	2	2	2	2	2	2	2	2	4	1	1	6	1	1	1	1	1	1	1	1	1	1	1	3	3	3	3	4	3	3	5	3	3	3	3	3	3	5	
1	5	5	5	5	5	5	5	5	5	5	5	5	5	5	5	5	5	5	5	5	5	5	5	5	5	5	5	5	5	5	5	5	5	5	5	5	5	5	5	5	0	0	0	0	0	0	0	0	0	0	0	0	0	6	6	6	6	6	6	6	6	6	6	4	4	4	4	4	4	4	4	4	4	4	4	4	4	2	2	2	2	2	2	2	2	2	2	2	2	2	2	1	1	1	1	1	1	1	1	1	1	1	1	1	1	1	1	1	1	1	1	1	6	6	6	6	6	6	6	6	6	6	6	6	6	6	4	4	4	4	4	4	4	4	4	4	4	4	4	4	2	2	2	2	2	2	2	2	2	2	1	1	1	1	1	1	1	1	1	1	1	1	1	0	0	0	0	0	0	3	3	3	3	3	3	3	3	3	3	


