                  precision    recall  f1-score   support

           Other   0.909091  1.000000  0.952381        20
            Work   1.000000  0.888889  0.941176        36
           Sleep   0.958333  1.000000  0.978723        23
           Relax   1.000000  0.363636  0.533333        11
Personal_hygiene   0.875000  0.750000  0.807692        28
            Cook   0.826087  0.974359  0.894118        39
   Bed_to_toilet   0.724138  0.875000  0.792453        24

        accuracy                       0.878453       181
       macro avg   0.898950  0.835983  0.842840       181
    weighted avg   0.891272  0.878453  0.871890       181
[[32  1  0  1  1  1  0]
 [ 0 38  1  0  0  0  0]
 [ 0  0 20  0  0  0  0]
 [ 0  0  1 21  2  0  0]
 [ 0  0  0  7 21  0  0]
 [ 0  0  0  0  0 23  0]
 [ 0  7  0  0  0  0  4]]87.845304657741145	5	5	5	5	5	5	5	5	5	5	5	5	5	5	5	5	5	5	5	5	5	5	5	5	5	5	5	5	5	5	5	5	5	5	0	5	5	5	0	0	0	0	0	0	0	0	0	0	0	0	0	0	0	0	0	0	0	6	6	6	6	6	4	6	0	6	6	6	4	4	4	4	4	4	4	6	6	6	4	4	4	4	6	4	4	6	4	4	2	2	2	2	2	2	2	2	2	2	2	2	6	1	1	1	1	1	1	5	1	1	1	1	1	1	1	1	1	2	1	1	1	1	6	6	6	6	6	6	6	6	6	6	6	6	4	4	4	4	4	4	6	4	6	2	2	2	2	2	2	2	2	2	2	2	1	1	1	1	1	1	1	1	4	1	1	1	1	1	0	5	3	5	5	5	3	3	5	5	3	5	
5	5	5	5	5	5	5	5	5	5	5	5	5	5	5	5	5	5	5	5	5	5	5	5	5	5	5	5	5	5	5	5	5	5	5	5	5	5	5	0	0	0	0	0	0	0	0	0	0	0	0	0	0	0	0	0	0	0	6	6	6	6	6	6	6	6	6	6	6	6	4	4	4	4	4	4	4	4	4	4	4	4	4	4	4	4	4	4	4	2	2	2	2	2	2	2	2	2	2	2	2	1	1	1	1	1	1	1	1	1	1	1	1	1	1	1	1	1	1	1	1	1	1	6	6	6	6	6	6	6	6	6	6	6	6	4	4	4	4	4	4	4	4	4	2	2	2	2	2	2	2	2	2	2	2	1	1	1	1	1	1	1	1	1	1	1	1	1	1	0	3	3	3	3	3	3	3	3	3	3	3	


                  precision    recall  f1-score   support

           Other   0.875000  0.736842  0.800000        19
            Work   0.820513  0.914286  0.864865        35
           Sleep   1.000000  0.913043  0.954545        23
           Relax   0.888889  0.800000  0.842105        10
Personal_hygiene   0.827586  0.857143  0.842105        28
            Cook   0.886364  0.975000  0.928571        40
   Bed_to_toilet   0.863636  0.760000  0.808511        25

        accuracy                       0.872222       180
       macro avg   0.880284  0.850902  0.862958       180
    weighted avg   0.874721  0.872222  0.871002       180
[[32  1  1  0  1  0  0]
 [ 0 39  1  0  0  0  0]
 [ 1  1 14  0  2  0  1]
 [ 4  0  0 19  2  0  0]
 [ 0  1  0  3 24  0  0]
 [ 2  0  0  0  0 21  0]
 [ 0  2  0  0  0  0  8]]87.222222884496050	5	5	5	5	5	5	5	5	5	5	5	5	5	5	5	5	5	5	5	0	5	5	5	5	5	5	5	5	5	5	5	5	5	5	5	5	5	5	5	5	0	0	0	0	4	0	0	0	0	0	0	0	0	0	0	1	1	1	1	6	4	6	6	6	6	6	4	6	4	4	4	4	6	4	4	4	4	4	4	4	2	2	2	2	2	2	2	1	2	1	1	1	1	1	1	1	1	1	5	1	1	1	1	1	1	1	6	1	6	6	6	6	6	6	6	6	6	6	6	6	4	4	5	6	4	4	4	4	4	4	4	4	4	4	4	2	2	2	2	2	2	2	2	2	2	1	2	2	2	1	1	1	1	1	1	1	1	1	1	1	1	4	1	1	1	1	3	4	5	3	3	5	5	3	3	3	3	3	3	
1	5	5	5	5	5	5	5	5	5	5	5	5	5	5	5	5	5	5	5	5	5	5	5	5	5	5	5	5	5	5	5	5	5	5	5	5	5	5	5	5	0	0	0	0	0	0	0	0	0	0	0	0	0	0	0	0	6	6	6	6	6	6	6	6	6	6	6	6	4	4	4	4	4	4	4	4	4	4	4	4	2	2	2	2	2	2	2	2	2	1	1	1	1	1	1	1	1	1	1	1	1	1	1	1	1	1	6	6	6	6	6	6	6	6	6	6	6	6	6	4	4	4	4	4	4	4	4	4	4	4	4	4	4	4	4	2	2	2	2	2	2	2	2	2	2	2	2	2	2	1	1	1	1	1	1	1	1	1	1	1	1	1	1	1	1	1	0	0	0	3	3	3	3	3	3	3	3	3	3	


                  precision    recall  f1-score   support

           Other   0.900000  0.473684  0.620690        19
            Work   0.911765  0.885714  0.898551        35
           Sleep   0.952381  0.833333  0.888889        24
           Relax   0.466667  0.700000  0.560000        10
Personal_hygiene   0.666667  0.857143  0.750000        28
            Cook   0.822222  0.925000  0.870588        40
   Bed_to_toilet   0.842105  0.666667  0.744186        24

        accuracy                       0.800000       180
       macro avg   0.794544  0.763077  0.761843       180
    weighted avg   0.823898  0.800000  0.799221       180
[[31  2  0  1  0  0  1]
 [ 0 37  0  0  0  0  3]
 [ 1  3  9  0  1  1  4]
 [ 0  0  0 16  8  0  0]
 [ 1  0  1  2 24  0  0]
 [ 1  0  0  0  3 20  0]
 [ 0  3  0  0  0  0  7]]79.99999920527143	5	5	5	5	5	5	5	5	5	3	5	3	5	5	5	5	5	5	5	5	5	5	5	5	5	5	5	5	5	5	5	5	3	5	5	5	5	5	5	5	2	0	0	0	0	5	0	5	0	5	0	0	0	4	4	6	4	6	6	4	4	6	4	4	4	4	4	4	4	4	4	4	4	4	4	4	6	2	2	2	2	2	2	2	2	2	2	1	4	2	4	1	1	1	1	1	1	1	1	1	1	1	5	1	1	1	1	1	1	1	1	1	6	6	6	6	4	6	6	6	6	4	6	6	6	6	4	4	0	4	4	4	4	4	4	4	6	4	1	4	2	2	2	2	2	2	2	2	2	4	1	1	6	1	5	1	1	1	1	1	1	1	1	1	3	3	3	3	4	3	3	5	3	3	5	3	3	3	5	
1	5	5	5	5	5	5	5	5	5	5	5	5	5	5	5	5	5	5	5	5	5	5	5	5	5	5	5	5	5	5	5	5	5	5	5	5	5	5	5	5	0	0	0	0	0	0	0	0	0	0	0	0	0	6	6	6	6	6	6	6	6	6	6	4	4	4	4	4	4	4	4	4	4	4	4	4	4	2	2	2	2	2	2	2	2	2	2	2	2	2	2	1	1	1	1	1	1	1	1	1	1	1	1	1	1	1	1	1	1	1	1	1	6	6	6	6	6	6	6	6	6	6	6	6	6	6	4	4	4	4	4	4	4	4	4	4	4	4	4	4	2	2	2	2	2	2	2	2	2	2	1	1	1	1	1	1	1	1	1	1	1	1	1	0	0	0	0	0	0	3	3	3	3	3	3	3	3	3	3	


